261 8 0
244 8 0
241 8 0
314 8 0
331 8 0
342 8 0
379 8 0
362 8 0
359 8 0
432 8 0
449 8 0
460 8 0
497 8 0
480 8 0
477 8 0
550 8 0
567 8 0
578 8 0
615 8 0
598 8 0
595 8 0
668 8 0
685 8 0
696 8 0
733 8 0
716 8 0
713 8 0
786 8 0
803 8 0
814 8 0
851 8 0
834 8 0
831 8 0
904 8 0
921 8 0
932 8 0
969 8 0
952 8 0
949 8 0
1022 8 0
1039 8 0
1050 8 0
1087 8 0
1070 8 0
1067 8 0
1140 8 0
1157 8 0
1168 8 0
1205 8 0
1188 8 0
1185 8 0
1258 8 0
1275 8 0
1286 8 0
1323 8 0
1306 8 0
1303 8 0
1376 8 0
1393 8 0
1404 8 0
1441 8 0
1424 8 0
1421 8 0
1494 8 0
1511 8 0
1522 8 0
1559 8 0
1542 8 0
1539 8 0
1612 8 0
1629 8 0
1640 8 0
Dot_2170 8 0
